0013512018100436036516796790000000001000010000069001
0013512018100436036516729220000000001000010000069001
0013512018100436036517155440000000002000010000485001
0013512018100436036516953410000000003000010000189001
0013512018100436036516876120000000003000010000189001
0013512018100436036517010660000000004000010000179001
0013512018100436036517155680000000004000010000485001
0013512018100436036516960270000000005000010000299001
0013512018100436036516765860000000005000010000179001
0013512018100436036516760810000000005000010000229001
0013512018100436036516667230000000005000010000079001
0013512018100436036516806750000000005000010000149001
0013512018100436036517495490000000005000010000129001
0013512018100436036516666860000000005000010000079001
0013512018100436036516758240000000005000010000049001
0013512018100436036516942070000000006000010000038441
0013512018100436036513308220000000007000010000165001
0013512018100436036515634040000000007000010000069001
0013512018100436036517005400000000008000010000229001
0013512018100436036516789790000000008000010000095001
0013512018100436036516790370000000008000010000095001
0013512018100436036516769510000000008000010000069001
0013512018100436036516812520000000008000010000099001
0013512018100436036514269450000000008000010000079001
0013512018100436036516875680000000008000010000129001
0013512018100436036516952590000000008000010000199001
0013512018100436036517391820000000008000010000059001
0013512018100436036516672320000000009000010000149001
0013512018100436036516816960000000009000010000179001
0013512018100436036516978950000000010000010000095001
0013512018100436036516969590000000010000010000299001
0013512018100436036516902230000000010000010000129001
0013512018100436036516656270000000010000010000149001
0013512018100436036516768450000000011000010000095001
0013512018100436036516664260000000011000010000099001
0013512018100436036516953720000000012000010000199001
0013512018100436036512463690000000012000010000129001
0013512018100436036517418710000034831-00010000199001
0013512018100436036516768380000034835-00010000095001
0013512018100436036516664020000034835-00010000099001
