0013512018083036036516806510000000001000010000103381
0013512018083036036516752680000000001000010000060101
0013512018083036036516866600000000001000010000103381
0013512018083036036516879020000000002000010000299001
0013512018083036036516965770000000003000010000045021
0013512018083036036516965390000000003000010000063391
0013512018083036036516879190000000003000010000274691
0013512018083036036516807810000000003000010000068901
0013512018083036036516827160000000004000010000104301
0013512018083036036517161760000000004000010000385001
0013512018083036036516706830000000005000010000129001
0013512018083036036516806680000000005000010000090301
0013512018083036036516965910000000006000010000139001
0013512018083036036516965840000000006000010000139001
0013512018083036036516908270000000008000010000299001
0013512018083036036517389630000000007000010000009001
0013512018083036036516837680000000009000010000455001
0013512018083036036516982120000000010000010000149001
0013512018083036036516799450000000010000010000179001
0013512018083036036516690380000000010000010000179001
0013512018083036036516813750000000010000010000229001
0013512018083036036516836830000000010000010000069001
0013512018083036036514599050000000011000010000027301
0013512018083036036515634110000000011000010000069001
0013512018083036036515476330000000012000010000104301
0013512018083036036515578780000000012000010000149001
0013512018083036036516761660000000012000010000299001
0013512018083036036516823960000000013000010000174301
0013512018083036036515837610000000013000010000349001
0013512018083036036516919540000000013000010000659001
0013512018083036036516961570000000014000010000455001
0013512018083036036516699390000000014000010000139301
0013512018083036036516913430000000014000010000249001
0013512018083036036516864480000000014000010000299001
0013512018083036036516848400000000014000010000129001
0013512018083036036516911140000000014000010000179001
0013512018083036036516863560000000014000010000229001
0013512018083036036516864930000000014000010000149001
0013512018083036036516862190000000014000010000095001
0013512018083036036516701190000000014000010000149001
0013512018083036036516701710000000014000010000090301
0013512018083036036517160080000000014000010000385001
0013512018083036036513308220000000014000010000165001
0013512018083036036517077160000000015000010000249001
0013512018083036036516893570000000015000010000385001
0013512018083036036515637630000000015000010000039001
0013512018083036036516865920000000017000010000105961
0013512018083036036516862020000000017000010000078041
0013512018083036036516480880000000016000010000139001
0013512018083036036517203710000000018000010000385901
0013512018083036036516120650000000019000010000085501
0013512018083036036517201420000000020000010000349001
0013512018083036036516729150000000020000010000069301
0013512018083036036516849490000000021000010000186831
0013512018083036036516838290000000021000010000427171
0013512018083036036516688260000000023000010000129001
0013512018083036036516687720000000023000010000090301
0013512018083036036516866840000000023000010000149001
0013512018083036036517076000000000023000010000039001
0013512018083036036516864310000000022000010000299001
0013512018083036036516124610000000024000010000095001
0013512018083036036516793030000000024000010000066501
0013512018083036036516735920000000025000010000169531
0013512018083036036516913050000000025000010000188471
