0013512018082236036516947880000000001000010000039001
0013512018082236036516868820000000002000010000199001
0013512018082236036515651250000000002000010000075001
0013512018082236036515651250000000002000010000075001
0013512018082236036516852120000000002000010000129001
0013512018082236036516851750000000002000010000229001
0013512018082236036516660680000000002000010000279001
0013512018082236036516682910000000002000010000149001
0013512018082236036516947190000000002000010000059001
0013512018082236036516856630000000003000010000179001
0013512018082236036516004510000000004000010000179001
0013512018082236036516194080000000004000010000299001
0013512018082236036516756640000000004000010000709001
0013512018082236036516756640000000005000010000638101
0013512018082236036516194080000000005000010000269101
0013512018082236036516004510000000005000010000161101
0013512018082236036516806510000000006000010000109001
0013512018082236036516832700000000007000010000126651
0013512018082236036516782900000000008000010000095001
0013512018082236036516879260000000009000010000299001
