0013512018082136036516765860000000001000010000179001
0013512018082136036516764630000000001000010000229001
0013512018082136036516805450000000001000010000129001
0013512018082136036515475890000000001000010000149001
0013512018082136036516879330000000001000010000329001
0013512018082136036516785800000000001000010000079001
0013512018082136036516786270000000001000010000079001
0013512018082136036516675530000000001000010000049001
0013512018082136036516795490000000001000010000049001
0013512018082136036516788700000000001000010000095001
0013512018082136036516663580000000001000010000129001
0013512018082136036516789930000000001000010000075001
0013512018082136036516946410000000001000010000059001
0013512018082136036516620910000000002000010000074501
0013512018082136036516685430000000003000010000249001
0013512018082136036516577140000000004000010000089501
0013512018082136036516747350000000005000010000075001
0013512018082136036516879260000000006000010000254151
0013512018082136036516825700000000006000010000152151
0013512018082136036516764560000000006000010000169151
0013512018082136036516806510000000006000010000109651
0013512018082136036516765860000000006000010000152151
0013512018082136036516763710000000006000010000279651
0013512018082136036516965910000000006000010000194651
0013512018082136036516965840000000006000010000194651
0013512018082136036516785730000000006000010000067151
0013512018082136036516688400000000007000010000129001
0013512018082136036517026050000000007000010000149001
0013512018082136036516689700000000007000010000149001
0013512018082136036516663410000000007000010000129001
0013512018082136036516946270000000007000010000059001
0013512018082136036513884650000000008000010000114501
0013512018082136036513947180000000008000010000064501
0013512018082136036513945410000000008000010000089501
0013512018082136036516535630000000008000010000074501
0013512018082136036516570730000000008000010000114501
0013512018082136036513884340000000008000010000192001
0013512018082136036516848570000000009000010000129001
0013512018082136036516911210000000009000010000179001
0013512018082136036517404540000000009000010000229001
0013512018082136036516671020000000010000010000249001
0013512018082136036516876740000000010000010000385001
0013512018082136036514599290000000010000010000039001
0013512018082136036516812900000000010000010000049001
0013512018082136036516964920000000010000010000039001
0013512018082136036516965600000000010000010000079001
0013512018082136036516892890000000011000010000089001
0013512018082136036516526720000000012000010000089501
