0013512018082636036516913670000000001000010000249001
0013512018082636036516873840000000002000010000149001
0013512018082636036516661050000000002000010000179001
0013512018082636036516875130000000002000010000199001
0013512018082636036516875510000000002000010000129001
0013512018082636036516875990000000002000010000199001
0013512018082636036516860040000000002000010000149001
0013512018082636036516946580000000002000010000059001
0013512018082636036516668910000000003000010000095001
0013512018082636036516722980000000004000010000199001
0013512018082636036516744760000000004000010000149001
0013512018082636036517170120000000005000010000349001
0013512018082636036515869600000000005000010000385001
0013512018082636036514565460000000005000010000095001
0013512018082636036516655420000000006000010000075001
0013512018082636036516804770000000007000010000095001
0013512018082636036516805380000000007000010000095001
0013512018082636036516810850000000007000010000149001
0013512018082636036516915030000000007000010000229001
0013512018082636036516243650000000007000010000075001
0013512018082636036516757490000000007000010000039001
0013512018082636036516966830000000007000010000069001
0013512018082636036516757870000000007000010000039001
0013512018082636036516964610000000007000010000039001
0013512018082636036516796170000000007000010000099001
0013512018082636036516795630000000007000010000129001
0013512018082636036516672490000000008000010000170051
0013512018082636036516112730000000008000010000122551
0013512018082636036516112730000000008000010000122551
0013512018082636036516725190000000008000010000236551
0013512018082636036516712390000000008000010000122551
0013512018082636036516674540000000008000010000170051
0013512018082636036516725880000000008000010000217551
0013512018082636036516826550000000008000010000217551
0013512018082636036517015540000000008000010000217551
0013512018082636036517014310000000008000010000384751
0013512018082636036516767220000000008000010000312551
0013512018082636036516982290000000009000010000149001
0013512018082636036516478760000000010000010000179001
0013512018082636036516480880000000010000010000179001
