0013512018082936036516723110000000001000010000229001
0013512018082936036516807810000000001000010000052501
0013512018082936036516761350000000002000010000252681
0013512018082936036516884800000000002000010000116831
0013512018082936036517455100000000002000010000044381
0013512018082936036516659550000000002000010000162111
0013512018082936036516721510000000003000010000179001
0013512018082936036516741550000000003000010000125301
0013512018082936036515476260000000003000010000129001
0013512018082936036516793340000000003000010000090301
0013512018082936036516930950000000004000010000249001
0013512018082936036516908650000000004000010000199001
0013512018082936036516903530000000004000010000179001
0013512018082936036516729390000000004000010000069001
0013512018082936036516729770000000004000010000048301
0013512018082936036516970310000000004000010000069001
0013512018082936036516969800000000004000010000048301
0013512018082936036516838290000000004000010000455001
0013512018082936036517200430000000005000010000385001
0013512018082936036515516230000000005000010000125301
0013512018082936036516781840000000006000010000029001
0013512018082936036515061590000000007000010000009001
0013512018082936036517151170000000008000010000405001
0013512018082936036517235010000000008000010000283501
0013512018082936036516668460000000008000010000079001
0013512018082936036516666550000000008000010000055301
0013512018082936036516879570000000012000010000221721
0013512018082936036516964850000000012000010000026281
0013512018082936036516673170000000010000010000104301
0013512018082936036516712220000000010000010000066501
0013512018082936036516672560000000010000010000179001
0013512018082936036516809650000000010000010000149001
0013512018082936036516807430000000010000010000095001
0013512018082936036516243650000000010000010000052501
0013512018082936036516807290000000010000010000075001
0013512018082936036516964780000000009000010000039001
0013512018082936036516730350000000011000010000069001
0013512018082936036517217290000000013000010000485001
0013512018082936036514599290000000014000010000039001
0013512018082936036516813060000000014000010000039001
0013512018082936036516806370000000015000010000179001
0013512018082936036516806200000000015000010000125301
0013512018082936036516892270000000016000010000709001
0013512018082936036516856560000000017000010000158321
0013512018082936036516661980000000018000010000199001
0013512018082936036516945730000000018000010000039001
0013512018082936036516683900000000019000010000129001
0013512018082936036516697930000000019000010000149001
0013512018082936036516999290000000019000010000104301
0013512018082936036516751450000000019000010000229001
0013512018082936036516664640000000019000010000149001
0013512018082936036516981440000000020000010000149001
0013512018082936036514936400000000020000010000045001
0013512018082936036516818010000000021000010000179001
0013512018082936036516879330000000022000010000279651
0013512018082936036516792040000000022000010000109651
0013512018082936036516665630000000022000010000067151
0013512018082936036517453670000000022000010000169151
0013512018082936036517453810000000022000010000169151
