0013512018082836036516243580000000001000010000065001
0013512018082836036516808350000000001000010000065001
0013512018082836036516699220000000002000010000199001
0013512018082836036514475060000000003000010000025001
0013512018082836036516112800000000004000010000129001
0013512018082836036516965460000000005000010000069001
0013512018082836036516689630000000006000010000149001
0013512018082836036516860660000000006000010000149001
0013512018082836036516751380000000006000010000229001
0013512018082836036516808420000000007000010000052501
0013512018082836036516828530000000007000010000149001
0013512018082836036516917320000000007000010000199001
0013512018082836036516966830000000008000010000029001
0013512018082836036516812140000000009000010000095001
0013512018082836036516683210000000010000010000249001
0013512018082836036516722740000000010000010000139301
0013512018082836036516728470000000010000010000179001
0013512018082836036516748720000000010000010000104301
0013512018082836036517083310000000010000010000279001
0013512018082836036517458550000000010000010000129001
0013512018082836036517457320000000010000010000149001
0013512018082836036515110230000000011000010000194651
0013512018082836036517230750000000011000010000344251
0013512018082836036517194430000000011000010000279651
0013512018082836036516432810000000011000010000296651
0013512018082836036517004650000000011000010000471751
0013512018082836036516998060000000011000010000152151
0013512018082836036516748890000000011000010000126651
0013512018082836036516722810000000011000010000169151
0013512018082836036516746980000000011000010000194651
0013512018082836036516189820000000011000010000327251
0013512018082836036516004510000000011000010000152151
0013512018082836036516789620000000011000010000080751
0013512018082836036516667850000000011000010000169151
0013512018082836036517015610000000011000010000194651
0013512018082836036516894560000000011000010000080751
0013512018082836036516767080000000011000010000254151
0013512018082836036516712220000000011000010000080751
0013512018082836036516759920000000011000010000169151
0013512018082836036516892720000000011000010000194651
0013512018082836036510002510000000012000010000179001
0013512018082836036516822800000000013000010000279001
0013512018082836036516822970000000014000010000329001
0013512018082836036516804840000000014000010000090301
0013512018082836036516807360000000014000010000095001
0013512018082836036516796860000000014000010000048301
0013512018082836036516757560000000014000010000039001
0013512018082836036516757940000000014000010000027301
0013512018082836036516678290000000014000010000039001
0013512018082836036514599360000000014000010000027301
0013512018082836036516671880000000015000010000179001
0013512018082836036516784670000000015000010000062301
0013512018082836036516760120000000016000010000217491
0013512018082836036516886880000000016000010000264981
0013512018082836036516886330000000016000010000236491
0013512018082836036514599050000000016000010000037041
0013512018082836036516892340000000017000010000602651
0013512018082836036510154390000000018000010000075001
0013512018082836036517403240000000018000010000039001
0013512018082836036515658660000000018000010000199001
0013512018082836036516427890000000019000010000349001
0013512018082836036515236370000000019000010000279001
0013512018082836036516808420000000020000010000075001
0013512018082836036517452510000000021000010000199001
