0013512018082036036516792420000000001000010000080751
0013512018082036036516790060000000001000010000063751
0013512018082036036516804840000000001000010000109651
0013512018082036036516670410000000001000010000084151
0013512018082036036516175960000000003000010000089501
0013512018082036036516967510000000002000010000129001
0013512018082036036516883670000000002000010000299001
0013512018082036036516906740000000004000010000181231
0013512018082036036516930950000000004000010000226771
0013512018082036036516164210000000005000010000089501
0013512018082036036516358660000000005000010000089501
0013512018082036036516585510000000006000010000114501
0013512018082036036516424990000000007000010000174501
0013512018082036036505587770000000008000010000199001
0013512018082036036516745060000000009000010000179001
0013512018082036036516710860000000009000010000179001
0013512018082036036516789790000000009000010000095001
0013512018082036036516120580000000009000010000095001
0013512018082036036516792730000000009000010000129001
0013512018082036036516736390000000009000010000199001
0013512018082036036516849700000000009000010000229001
0013512018082036036516795250000000009000010000229001
0013512018082036036516783820000000009000010000179001
0013512018082036036516748100000000009000010000179001
0013512018082036036516729910000000009000010000069001
0013512018082036036516729530000000009000010000069001
0013512018082036036516455680000000010000010000174501
0013512018082036036516502720000000010000010000192501
0013512018082036036516780850000000011000010000237151
0013512018082036036516687100000000011000010000169151
0013512018082036036516697170000000011000010000126651
0013512018082036036517458480000000011000010000109651
0013512018082036036516697550000000011000010000169151
0013512018082036036516714200000000012000010000279001
0013512018082036036516917490000000012000010000229001
0013512018082036036516455820000000012000010000174501
