0013512018082436036516981820000000001000010000149001
0013512018082436036515649130000000001000010000129001
0013512018082436036516873770000000001000010000149001
0013512018082436036516124540000000002000010000095001
0013512018082436036516912990000000002000010000199001
0013512018082436036517203880000000003000010000438431
0013512018082436036517394100000000003000010000124571
0013512018082436036516758240000000004000010000029001
0013512018082436036516763880000000005000010000329001
0013512018082436036516746980000000005000010000229001
0013512018082436036514599050000000005000010000039001
0013512018082436036516621450000000006000010000074501
0013512018082436036515654460000000007000010000122811
0013512018082436036516753740000000007000010000189461
0013512018082436036516696870000000007000010000189461
0013512018082436036516707060000000007000010000170411
0013512018082436036517081400000000007000010000075211
0013512018082436036516942210000000007000010000046651
0013512018082436036516813200000000008000010000069001
0013512018082436036516714060000000008000010000249001
0013512018082436036516886710000000009000010000238581
0013512018082436036516964610000000009000010000037361
0013512018082436036516712770000000009000010000091031
0013512018082436036516894490000000009000010000091031
0013512018082436036516699220000000010000010000179101
0013512018082436036516740490000000011000010000605001
0013512018082436036516894940000000011000010000095001
0013512018082436036516909880000000011000010000299001
0013512018082436036516752510000000011000010000075001
0013512018082436036516838500000000011000010000455001
0013512018082436036516751520000000011000010000229001
0013512018082436036516886190000000012000010000229001
0013512018082436036516877800000000012000010000329001
0013512018082436036516879880000000012000010000199001
0013512018082436036516822730000000012000010000299001
