0013512018082736036515063710000000001000010000149001
0013512018082736036516962560000000002000010000249001
0013512018082736036516685740000000002000010000249001
0013512018082736036516345480000000002000010000149001
0013512018082736036516689870000000002000010000129001
0013512018082736036516714680000000003000010000233631
0013512018082736036516811910000000003000010000070371
0013512018082736036516782210000000004000010000199001
0013512018082736036517192520000000005000010000349001
0013512018082736036516783060000000006000010000129001
0013512018082736036516709660000000007000010000211651
0013512018082736036516822590000000007000010000254151
0013512018082736036516681300000000007000010000169151
0013512018082736036516795010000000007000010000169151
0013512018082736036516818010000000007000010000152151
0013512018082736036516832490000000007000010000126651
0013512018082736036516801490000000007000010000126651
0013512018082736036516710310000000007000010000126651
0013512018082736036516783680000000007000010000126651
0013512018082736036516795560000000007000010000109651
0013512018082736036516795940000000007000010000109651
0013512018082736036516916880000000007000010000109651
0013512018082736036516916640000000007000010000109651
0013512018082736036516712770000000007000010000080751
0013512018082736036516791980000000007000010000080751
0013512018082736036516666620000000007000010000067151
0013512018082736036516665870000000007000010000067151
0013512018082736036516785660000000007000010000067151
0013512018082736036516666240000000007000010000067151
0013512018082736036516786410000000007000010000067151
0013512018082736036516667090000000007000010000067151
0013512018082736036516789550000000007000010000063751
0013512018082736036516716110000000007000010000063751
0013512018082736036516790130000000007000010000063751
0013512018082736036516678120000000007000010000033151
0013512018082736036516678120000000007000010000033151
0013512018082736036516841610000000007000010000211651
0013512018082736036516886640000000007000010000211651
0013512018082736036516966760000000007000010000058651
0013512018082736036516735470000000007000010000169151
0013512018082736036516967990000000007000010000067151
0013512018082736036516965770000000007000010000041651
0013512018082736036516890740000000007000010000211651
0013512018082736036516664710000000007000010000126651
0013512018082736036516876430000000007000010000296651
0013512018082736036516724720000000007000010000194651
0013512018082736036516877730000000007000010000279651
0013512018082736036516761280000000007000010000237151
0013512018082736036516736150000000007000010000152151
0013512018082736036516891970000000007000010000560151
0013512018082736036516424680000000008000010000164501
0013512018082736036516765550000000009000010000029001
0013512018082736036516478830000000010000010000179001
0013512018082736036516478690000000010000010000179001
0013512018082736036516740700000000011000010000593101
0013512018082736036516750600000000011000010000244301
0013512018082736036516826000000000012000010000080521
