0013512018082536036517158100000000001000010000349001
0013512018082536036516824020000000002000010000249001
0013512018082536036516877800000000002000010000329001
0013512018082536036516763880000000002000010000329001
0013512018082536036516877280000000002000010000299001
0013512018082536036516882200000000002000010000279001
0013512018082536036516822800000000002000010000299001
0013512018082536036516975430000000002000010000199001
0013512018082536036516786580000000002000010000079001
0013512018082536036516784500000000002000010000089001
0013512018082536036516785350000000002000010000079001
0013512018082536036516666790000000002000010000079001
0013512018082536036516892100000000002000010000659001
0013512018082536036516566010000000002000010000199001
0013512018082536036516965770000000002000010000049001
0013512018082536036516065210000000002000010000039001
0013512018082536036517014480000000003000010000435001
0013512018082536036516720760000000003000010000149001
0013512018082536036515125700000000003000010000405001
0013512018082536036515064010000000003000010000129001
0013512018082536036517015610000000003000010000229001
0013512018082536036516747730000000003000010000149001
0013512018082536036516738440000000003000010000149001
0013512018082536036514474830000000003000010000025001
0013512018082536036516700720000000004000010000149001
0013512018082536036515055270000000005000010000038241
0013512018082536036516557650000000005000010000065761
0013512018082536036516024480000000006000010000063751
0013512018082536036517006250000000006000010000169151
0013512018082536036516714060000000006000010000211651
0013512018082536036516871790000000006000010000080751
0013512018082536036516854030000000006000010000169151
0013512018082536036516664710000000006000010000126651
0013512018082536036516852810000000006000010000152151
0013512018082536036516876500000000006000010000296651
0013512018082536036516682460000000007000010000009001
0013512018082536036516867450000000008000010000296651
0013512018082536036516901550000000008000010000109651
0013512018082536036514560270000000008000010000173401
0013512018082536036516819310000000009000010000179001
0013512018082536036517076930000000009000010000229001
0013512018082536036516738060000000009000010000199001
0013512018082536036517083550000000009000010000279001
0013512018082536036516788940000000009000010000095001
0013512018082536036517192210000000009000010000329001
0013512018082536036516813060000000009000010000039001
0013512018082536036515988190000000010000010000095001
0013512018082536036516901620000000011000010000126441
0013512018082536036516792420000000011000010000093111
0013512018082536036516967680000000011000010000126441
0013512018082536036516995160000000011000010000224451
0013512018082536036515815520000000011000010000377351
0013512018082536036516678120000000011000010000038211
0013512018082536036516755650000000012000010000229001
0013512018082536036514060220000000012000010000149001
0013512018082536036515920530000000012000010000069001
0013512018082536036517203710000000013000010000434001
0013512018082536036516978400000000014000010000095001
0013512018082536036516691990000000014000010000229001
0013512018082536036516655110000000015000010000119001
0013512018082536036513509810000000015000010000119001
0013512018082536036516749190000000016000010000179001
0013512018082536036516862640000000017000010000090591
0013512018082536036516905510000000017000010000142081
0013512018082536036516863630000000017000010000218361
0013512018082536036516706380000000017000010000189751
0013512018082536036515570450000000017000010000065791
0013512018082536036517082250000000017000010000037181
0013512018082536036517081880000000017000010000037191
0013512018082536036516942140000000017000010000046721
0013512018082536036515657050000000017000010000090591
0013512018082536036516695880000000017000010000237431
0013512018082536036516695400000000017000010000142081
0013512018082536036516696630000000017000010000189751
0013512018082536036516981370000000017000010000142081
0013512018082536036516974510000000017000010000189751
0013512018082536036516982050000000017000010000142081
0013512018082536036516678290000000017000010000037191
0013512018082536036514599050000000017000010000037191
0013512018082536036516096070000000017000010000142081
0013512018082536036515061590000000017000010000123011
0013512018082536036515061280000000017000010000071521
0013512018082536036515061420000000017000010000090591
0013512018082536036517161520000000018000010000385001
0013512018082536036517192760000000018000010000349001
0013512018082536036516769990000000018000010000069001
0013512018082536036516738680000000019000010000149001
0013512018082536036516710310000000019000010000149001
0013512018082536036516709660000000019000010000249001
0013512018082536036516841610000000019000010000249001
0013512018082536036516893400000000020000010000377621
0013512018082536036516756570000000020000010000646381
0013512018082536036516964920000000021000010000039001
0013512018082536036516678290000000021000010000039001
0013512018082536036516961190000000022000010000085501
0013512018082536036514932510000000022000010000085501
0013512018082536036516964920000000023000010000039001
0013512018082536036516801180000000024000010000072421
0013512018082536036517184600000000024000010000141191
