0013512018100236036516785730000000001000010000073541
0013512018100236036515752850000000001000010000064231
0013512018100236036516879710000000001000010000185251
0013512018100236036516746810000000001000010000213181
0013512018100236036517142190000000002000010000485001
0013512018100236036516878030000000002000010000349001
0013512018100236036516785350000000003000010000079001
0013512018100236036516830270000000003000010000179001
0013512018100236036516829210000000003000010000149001
0013512018100236036516800190000000004000010000122551
0013512018100236036516960410000000004000010000284051
0013512018100236036516960270000000004000010000284051
0013512018100236036516959900000000004000010000265051
0013512018100236036516805450000000004000010000122551
0013512018100236036516712390000000004000010000122551
0013512018100236036516119210000000004000010000122551
0013512018100236036516810300000000004000010000170051
0013512018100236036516810160000000004000010000141551
0013512018100236036516961020000000004000010000141551
0013512018100236036516805690000000004000010000122551
0013512018100236036516805210000000004000010000090251
0013512018100236036516810540000000004000010000170051
0013512018100236036515637630000000004000010000037051
0013512018100236036515637630000000004000010000037051
0013512018100236036515637630000000004000010000037051
0013512018100236036517231050000000005000010000095001
0013512018100236036516965840000000006000010000083021
0013512018100236036516885960000000006000010000083021
0013512018100236036516764250000000006000010000072151
0013512018100236036516749330000000007000010000172311
0013512018100236036514960850000000007000010000037541
0013512018100236036516716970000000007000010000091451
0013512018100236036516681920000000007000010000072201
0013512018100236036516793340000000007000010000124181
0013512018100236036514599290000000007000010000037541
0013512018100236036516678740000000007000010000037541
0013512018100236036516945800000000008000010000039001
0013512018100236036516978880000000008000010000095001
0013512018100236036515437100000000008000010000149001
0013512018100236036515570900000000008000010000069001
0013512018100236036516902160000000008000010000129001
0013512018100236036516678050000000008000010000455001
0013512018100236036515980170000000009000010000075001
0013512018100236036516768070000000010000010000129001
0013512018100236036517393660000000011000010000095001
0013512018100236036516768520000000012000010000129001
0013512018100236036516816100000000012000010000129001
0013512018100236036517213300000000013000010000405001
0013512018100236036517232800000000014000010000349001
0013512018100236036516882820000000015000010000183201
0013512018100236036516956240000000015000010000223201
0013512018100236036516816960000000016000010000152151
0013512018100236036516921350000000017000010000567201
0013512018100236036517186370000000018000010000325001
0013512018100236036516880910000034776-00010000197391
0013512018100236036517150560000034782-00010000369821
0013512018100236036516749260000034782-00010000171941
0013512018100236036517213300000034792-00010000405001
0013512018100236036516882750000034795-00010000183201
0013512018100236036516956170000034795-00010000223201
0013512018100236036516712220000034798-00010000080751
0013512018100236036516919850000034801-00010000567201
