0013512018092936036517076860000000001000010000229001
0013512018092936036516822660000000001000010000299001
0013512018092936036516965840000000001000010000229001
0013512018092936036516882130000000001000010000223201
0013512018092936036516879710000000002000010000159201
0013512018092936036517445750000000002000010000049001
0013512018092936036516877970000000002000010000349001
0013512018092936036516795700000000002000010000129001
0013512018092936036516796170000000002000010000099001
0013512018092936036516795940000000002000010000129001
0013512018092936036516728300000000002000010000129001
0013512018092936036516769200000000002000010000099001
0013512018092936036516728920000000002000010000129001
0013512018092936036517187360000000003000010000348001
0013512018092936036516832010000000003000010000119201
0013512018092936036516920670000000004000010000404001
0013512018092936036516881070000000005000010000159001
0013512018092936036517211490000000006000010000364001
0013512018092936036516871310000000007000010000364001
0013512018092936036516902230000000007000010000103201
0013512018092936036517021930000000008000010000080751
0013512018092936036516980380000000008000010000080751
0013512018092936036517470640000000008000010000126651
0013512018092936036515061590000000008000010000109651
0013512018092936036516921590000000009000010000567201
0013512018092936036516761660000000009000010000239201
0013512018092936036516785110000000009000010000079001
0013512018092936036516786340000000009000010000079001
0013512018092936036516880080000000010000010000183201
0013512018092936036516968290000000011000010000059001
0013512018092936036516765930000000012000010000139001
0013512018092936036516749190000000013000010000179001
0013512018092936036516943060000000014000010000143201
0013512018092936036517392050000000015000010000059001
0013512018092936036517143630000000015000010000129001
0013512018092936036517027420000000016000010000527201
0013512018092936036517453290000000016000010000159201
0013512018092936036517170980000000017000010000279201
0013512018092936036516869980000000017000010000129001
0013512018092936036516692740000000017000010000249001
0013512018092936036517454730000000017000010000129001
0013512018092936036516839110000000017000010000129001
0013512018092936036517205480000000018000010000308001
0013512018092936036517452680000000018000010000159201
0013512018092936036516785420000000018000010000079001
0013512018092936036517397550000000018000010000079001
0013512018092936036516667230000000018000010000079001
0013512018092936036516711470000000019000010000143201
0013512018092936036516747420000000019000010000095001
0013512018092936036516760290000000020000010000194651
0013512018092936036517470020000000020000010000080751
0013512018092936036516816030000000020000010000109651
0013512018092936036516966900000000020000010000058651
0013512018092936036516712390000000021000010000109651
0013512018092936036516903600000000022000010000179001
0013512018092936036516921280000000023000010000527201
0013512018092936036516795940000000024000010000129001
0013512018092936036516795700000000024000010000129001
0013512018092936036516879640000000024000010000159201
0013512018092936036517234640000000025000010000308001
0013512018092936036516837820000000025000010000364001
0013512018092936036516725710000000025000010000199001
0013512018092936036516795870000000025000010000129001
0013512018092936036516728920000000025000010000129001
0013512018092936036516728230000000025000010000129001
0013512018092936036516725880000000026000010000229001
0013512018092936036516838500000000027000010000364001
0013512018092936036516963240000000028000010000324001
0013512018092936036516948320000000028000010000039001
0013512018092936036516951360000000029000010000183201
0013512018092936036516954190000000029000010000143201
0013512018092936036516891420000000030000010000143201
0013512018092936036517466090000000030000010000229001
0013512018092936036516886710000000030000010000249001
0013512018092936036516805380000000031000010000075001
0013512018092936036515837610000000032000010000279201
0013512018092936036516670100000000033000010000127961
0013512018092936036516965220000000033000010000068441
0013512018092936036516964540000000033000010000038691
0013512018092936036516666620000000033000010000078361
0013512018092936036516784430000000033000010000088281
0013512018092936036516665250000000033000010000147801
0013512018092936036516802860000000033000010000074391
0013512018092936036516925170000000033000010000094231
0013512018092936036516808350000000033000010000074391
0013512018092936036516958080000000033000010000127961
0013512018092936036516800880000000033000010000147801
0013512018092936036516884730000000033000010000127961
0013512018092936036516805830000000033000010000147801
0013512018092936036516884040000000033000010000197391
0013512018092936036516955490000000033000010000276751
0013512018092936036516675770000000033000010000346181
0013512018092936036516880910000000033000010000197391
0013512018092936036516712150000000033000010000094231
0013512018092936036516955700000000034000010000299001
0013512018092936036516958220000000034000010000149001
0013512018092936036516666790000000035000010000067151
0013512018092936036516877730000000035000010000279651
0013512018092936036516862190000000036000010000095001
0013512018092936036516931010000000036000010000249001
0013512018092936036515742260000000036000010000095001
0013512018092936036516837750000000037000010000364001
0013512018092936036516920360000000038000010000567201
0013512018092936036515816680000000038000010000348001
0013512018092936036517161380000000039000010000279201
0013512018092936036517495870000000040000010000129001
0013512018092936036516944360000000040000010000129001
0013512018092936036515484320000000041000010000199001
0013512018092936036516875750000000041000010000129001
0013512018092936036516747280000000042000010000211651
0013512018092936036517186820000000042000010000324001
0013512018092936036516910150000000043000010000129001
0013512018092936036517457870000000043000010000079001
0013512018092936036516912990000000043000010000199001
0013512018092936036515571200000000044000010000069001
0013512018092936036516839970000000044000010000249001
0013512018092936036516861030000000044000010000199001
0013512018092936036516691200000000044000010000179001
0013512018092936036513307920000000044000010000205001
0013512018092936036515815210000000045000010000385001
0013512018092936036517184390000000045000010000349001
0013512018092936036516893330000000045000010000349001
0013512018092936036516824020000000045000010000249001
0013512018092936036516807290000000045000010000075001
0013512018092936036516967510000000045000010000129001
0013512018092936036516812900000000045000010000049001
0013512018092936036517455100000000045000010000049001
0013512018092936036516783680000000046000010000119201
0013512018092936036516740010000000046000010000119201
0013512018092936036516777430000000046000010000119201
0013512018092936036516744830000000046000010000119201
0013512018092936036516770570000000046000010000119201
0013512018092936036516956170000000046000010000223201
0013512018092936036516920500000034065-00010000404001
0013512018092936036515879810000034111-00010000455001
0013512018092936036517189650000034111-00010000385001
0013512018092936036515816820000034111-00010000455001
0013512018092936036516377780000034115-00010000304501
0013512018092936036516528700000034118-00010000125301
