0013512018092836036516963310000000001000010000324001
0013512018092836036516879330000000002000010000329001
0013512018092836036517181180000000003000010000279201
0013512018092836036516779720000000004000010000159201
0013512018092836036516806510000000004000010000129001
0013512018092836036516808350000000004000010000075001
0013512018092836036516967200000000004000010000229001
0013512018092836036516712150000000004000010000095001
0013512018092836036516964610000000004000010000039001
0013512018092836036517189580000000004000010000279201
0013512018092836036516751450000000005000010000183201
0013512018092836036516866460000000006000010000109001
0013512018092836036516882440000000007000010000239201
0013512018092836036516783130000000007000010000129001
0013512018092836036516804840000000007000010000129001
0013512018092836036516931180000000008000010000211651
0013512018092836036516709110000000008000010000194651
0013512018092836036517010970000000008000010000169151
0013512018092836036516819930000000009000010000279201
0013512018092836036516829760000000009000010000119201
0013512018092836036516937050000000009000010000095001
0013512018092836036516668220000000009000010000079001
0013512018092836036516784980000000009000010000079001
0013512018092836036516936370000000010000010000349001
0013512018092836036516920810000000010000010000555001
0013512018092836036516983420000000010000010000455001
0013512018092836036517418400000000011000010000159201
0013512018092836036517170120000000011000010000279201
0013512018092836036517160390000000011000010000324001
0013512018092836036517455030000000011000010000129001
0013512018092836036516671710000000012000010000119201
0013512018092836036516878340000000013000010000254151
0013512018092836036516894560000000013000010000080751
0013512018092836036516967990000000013000010000067151
0013512018092836036516965390000000013000010000058651
0013512018092836036516879020000000014000010000299001
0013512018092836036517452510000000015000010000159201
0013512018092836036515837920000000015000010000308001
0013512018092836036516759850000000015000010000159201
0013512018092836036516882200000000015000010000223201
0013512018092836036516894560000000016000010000055001
0013512018092836036516808420000000017000010000035001
0013512018092836036517005190000000018000010000199001
0013512018092836036516963240000000019000010000324001
0013512018092836036516713900000000020000010000279001
0013512018092836036516724340000000020000010000279001
0013512018092836036516955560000000020000010000279001
0013512018092836036516955630000000020000010000279001
0013512018092836036516968740000000020000010000049001
0013512018092836036517398920000000020000010000049001
0013512018092836036517398920000000020000010000049001
0013512018092836036516765620000000020000010000149001
0013512018092836036516765000000000020000010000149001
0013512018092836036515862740000000021000010000338531
0013512018092836036516963000000000022000010000324001
0013512018092836036516874140000000022000010000149001
0013512018092836036516858850000000022000010000183201
0013512018092836036516951810000000022000010000129001
0013512018092836036517456640000000023000010000110771
0013512018092836036517456950000000023000010000081571
0013512018092836036516947710000000023000010000050661
0013512018092836036516836900000000024000010000039001
0013512018092836036517043950000000024000010000039001
0013512018092836036516725190000000025000010000249001
0013512018092836036516828600000000026000010000174391
0013512018092836036517200120000000026000010000340021
0013512018092836036517003800000000026000010000242591
0013512018092836036517170050000000027000010000349001
0013512018092836036517170050000000028000010000279201
0013512018092836036517020700000000029000010000200811
0013512018092836036517019360000000029000010000218351
0013512018092836036517401710000000029000010000244651
0013512018092836036517024900000000029000010000218351
0013512018092836036517022470000000029000010000113121
0013512018092836036517022920000000029000010000083311
0013512018092836036516976110000000029000010000060511
0013512018092836036516967130000000029000010000200811
0013512018092836036517443770000000029000010000042961
0013512018092836036516862710000000030000010000080751
0013512018092836036516865160000000030000010000126651
0013512018092836036516767910000000031000010000117721
0013512018092836036516663890000000031000010000090351
0013512018092836036516768140000000031000010000086701
0013512018092836036516960650000000031000010000117721
0013512018092836036516786030000000031000010000072091
0013512018092836036516666240000000031000010000072091
0013512018092836036516879020000000031000010000272861
0013512018092836036516969730000000031000010000044721
0013512018092836036517445750000000031000010000044721
0013512018092836036516678740000000031000010000035591
0013512018092836036516795490000000031000010000044721
0013512018092836036516675530000000031000010000044721
0013512018092836036516891350000000032000010000143201
0013512018092836036517452370000000032000010000159201
0013512018092836036517031690000000033000010000279001
0013512018092836036516970790000000033000010000179001
0013512018092836036516781390000000033000010000149001
0013512018092836036516909710000000033000010000299001
0013512018092836036516699150000000033000010000199001
0013512018092836036516974440000000033000010000199001
0013512018092836036516736390000000034000010000158671
0013512018092836036516812690000000034000010000078931
0013512018092836036516837510000000035000010000364001
0013512018092836036516906050000000035000010000199201
0013512018092836036516750150000000036000010000279001
0013512018092836036516729080000000037000010000079001
0013512018092836036516812520000000037000010000079001
0013512018092836036516919850000000038000010000567201
0013512018092836036516905370000000039000010000149001
0013512018092836036516974750000000039000010000199001
0013512018092836036517033740000000039000010000079001
0013512018092836036516969800000000039000010000069001
0013512018092836036517165030000000040000010000279201
0013512018092836036516922100000000041000010000527201
0013512018092836036516926780000000042000010000388001
0013512018092836036516714750000000043000010000199201
0013512018092836036516480950000000043000010000143201
0013512018092836036516933610000000044000010000159201
0013512018092836036516920500000000044000010000404001
0013512018092836036516926850000000045000010000388001
0013512018092836036517397310000000046000010000077371
0013512018092836036517495490000000046000010000126341
0013512018092836036516936200000000046000010000341801
0013512018092836036516065210000000046000010000038191
0013512018092836036517445750000000046000010000047991
0013512018092836036516927600000000046000010000224271
0013512018092836036516937050000000046000010000093041
0013512018092836036516735470000000047000010000159201
0013512018092836036515649200000000048000010000129001
0013512018092836036515649130000000048000010000129001
0013512018092836036516875060000000048000010000199001
0013512018092836036517082940000000048000010000279001
0013512018092836036516851820000000048000010000129001
0013512018092836036516873150000000048000010000179001
0013512018092836036515651180000000048000010000075001
0013512018092836036515862670000034018-00010000338531
0013512018092836036516732400000034026-00010000125131
0013512018092836036516970480000034028-00010000069001
0013512018092836036517170050000034032-00010000349001
