0013512018082336036516680000000000001000010000199001
0013512018082336036516721990000000001000010000199001
0013512018082336036516729840000000001000010000069001
0013512018082336036516729460000000001000010000069001
0013512018082336036516730280000000001000010000069001
0013512018082336036516768760000000001000010000099001
0013512018082336036516728540000000001000010000179001
0013512018082336036517404470000000002000010000222131
0013512018082336036516732400000000002000010000125131
0013512018082336036516706830000000002000010000125131
0013512018082336036516970480000000002000010000066921
0013512018082336036517461730000000002000010000076631
0013512018082336036515862670000000002000010000338531
0013512018082336036517171350000000002000010000338531
0013512018082336036505599410000000003000010000179001
0013512018082336036517189410000000003000010000349001
0013512018082336036516666310000000004000010000074121
0013512018082336036516757870000000004000010000036601
0013512018082336036516757010000000004000010000036591
0013512018082336036516784980000000004000010000074121
0013512018082336036514599050000000004000010000036591
0013512018082336036516965770000000004000010000045981
0013512018082336036516124470000000005000010000095001
0013512018082336036516912820000000005000010000199001
0013512018082336036516746810000000006000010000209511
0013512018082336036516760430000000006000010000182061
0013512018082336036516917250000000006000010000182061
0013512018082336036516993490000000006000010000035691
0013512018082336036516756950000000006000010000035681
0013512018082336036516891350000000007000010000175021
0013512018082336036516724890000000007000010000223901
0013512018082336036516890740000000007000010000243461
0013512018082336036516768450000000007000010000092891
0013512018082336036516664190000000007000010000096801
0013512018082336036516768070000000007000010000126131
0013512018082336036516785280000000007000010000077231
0013512018082336036516784810000000007000010000077241
0013512018082336036516892030000000007000010000644331
0013512018082336036516797850000000008000010000296651
0013512018082336036516805210000000008000010000080751
0013512018082336036516804600000000008000010000080751
0013512018082336036516964540000000008000010000033151
0013512018082336036516964920000000008000010000033151
0013512018082336036517443910000000008000010000063751
0013512018082336036516879330000000009000010000329001
0013512018082336036516879400000000009000010000329001
0013512018082336036516826170000000009000010000199001
0013512018082336036516805520000000009000010000129001
0013512018082336036516665010000000009000010000179001
0013512018082336036516801940000000009000010000179001
0013512018082336036516794400000000009000010000149001
0013512018082336036516787190000000009000010000179001
0013512018082336036517194740000000009000010000349001
0013512018082336036516671190000000009000010000279001
0013512018082336036516671260000000009000010000279001
0013512018082336036515128600000000010000010000199001
0013512018082336036516466710000000010000010000164501
0013512018082336036514936400000000011000010000042451
0013512018082336036516873390000000011000010000168861
0013512018082336036516837370000000011000010000121691
