0013512018100136036517150560000000001000010000369821
0013512018100136036517453500000000001000010000191151
0013512018100136036516965770000000001000010000047071
0013512018100136036516759300000000001000010000219971
0013512018100136036516666480000000001000010000075881
0013512018100136036516813060000000001000010000037471
0013512018100136036516809650000000001000010000143121
0013512018100136036516765790000000001000010000143121
0013512018100136036516923260000000001000010000219971
0013512018100136036514599050000000001000010000037461
0013512018100136036517448580000000001000010000037461
0013512018100136036516782520000000001000010000219971
0013512018100136036516682150000000001000010000091251
0013512018100136036516749260000000001000010000171941
0013512018100136036516783820000000001000010000171941
0013512018100136036516728850000000001000010000123911
0013512018100136036516728850000000001000010000123911
0013512018100136036516812520000000001000010000095101
0013512018100136036516812690000000001000010000095101
0013512018100136036516793100000000001000010000091251
0013512018100136036516749020000000001000010000143121
0013512018100136036516768760000000001000010000095101
0013512018100136036516768830000000001000010000095101
0013512018100136036515838080000000001000010000369821
0013512018100136036516907970000000002000010000299001
0013512018100136036515741650000000003000010000095001
0013512018100136036515742400000000003000010000129001
0013512018100136036515742570000000003000010000095001
0013512018100136036516840790000000004000010000179001
0013512018100136036517077090000000004000010000249001
0013512018100136036516841540000000004000010000249001
0013512018100136036516710170000000004000010000149001
0013512018100136036516819480000000005000010000159201
0013512018100136036516664260000000006000010000059001
0013512018100136036516786650000000007000010000059001
0013512018100136036516816270000000008000010000072531
0013512018100136036516841610000000009000010000249001
0013512018100136036517456710000000010000010000110771
0013512018100136036516942760000000011000010000079001
0013512018100136036517455030000000012000010000129001
0013512018100136036516848570000000012000010000129001
0013512018100136036516970000000000012000010000069001
0013512018100136036516841540000034760-00010000249001
0013512018100136036517456640000034763-00010000110771
