0013512018081836036516078180000000001000010000047501
0013512018081836036516170390000000001000010000064501
0013512018081836036516058380000000001000010000099501
0013512018081836036516630290000000001000010000037501
0013512018081836036516962940000000002000010000249001
0013512018081836036516604860000000003000010000047501
0013512018081836036516594590000000003000010000074501
0013512018081836036516649650000000003000010000099501
0013512018081836036516607760000000003000010000074501
0013512018081836036516394680000000004000010000017501
0013512018081836036516858850000000005000010000229001
0013512018081836036516947710000000005000010000059001
0013512018081836036516801560000000006000010000149001
0013512018081836036516784980000000006000010000079001
0013512018081836036516643610000000007000010000089501
0013512018081836036516967510000000008000010000129001
0013512018081836036516883670000000008000010000299001
0013512018081836036516678740000000009000010000009001
0013512018081836036516813060000000009000010000009001
