0013512018092736036516712220000000001000010000095001
0013512018092736036516958150000000001000010000129001
0013512018092736036516730280000000001000010000069001
0013512018092736036515061590000000002000010000129001
0013512018092736036516951670000000003000010000129001
0013512018092736036516972600000000003000010000229001
0013512018092736036516946650000000003000010000059001
0013512018092736036516901620000000004000010000129001
0013512018092736036516705600000000005000010000095001
0013512018092736036517082180000000005000010000039001
0013512018092736036516859390000000006000010000095001
0013512018092736036516892270000000007000010000602651
0013512018092736036516921970000000007000010000560151
0013512018092736036515110230000000007000010000194651
0013512018092736036516877970000000008000010000349001
0013512018092736036516786100000000008000010000079001
0013512018092736036517477670000000008000010000039001
0013512018092736036516826550000000009000010000229001
0013512018092736036516688020000000010000010000129001
0013512018092736036516688400000000011000010000129001
0013512018092736036516687270000000011000010000199001
0013512018092736036516816100000000012000010000129001
0013512018092736036516727930000000012000010000179001
0013512018092736036516692360000000013000010000199001
0013512018092736036517204560000000014000010000349001
0013512018092736036516654360000000014000010000249001
0013512018092736036517013180000000015000010000102641
0013512018092736036516840000000000015000010000123301
0013512018092736036516841470000000015000010000171521
0013512018092736036517393280000000015000010000047541
0013512018092736036516841540000000016000010000171521
0013512018092736036516820060000000017000010000349001
0013512018092736036516892100000000017000010000659001
0013512018092736036516822110000000017000010000299001
0013512018092736036516849320000000018000010000199001
0013512018092736036515879810000000019000010000455001
0013512018092736036517189650000000019000010000385001
0013512018092736036515816820000000019000010000455001
0013512018092736036516735300000000020000010000080511
0013512018092736036517033050000000020000010000060291
0013512018092736036516744690000000020000010000060281
0013512018092736036516901790000033967-00010000129001
0013512018092736036516760290000033972-00010000229001
0013512018092736036516841470000033984-00010000171521
